0011000001010001
0011100010011101
0011111110001110
0001110101100011
0011011111000110
0011100001001101
0010101110011010
0101101100011000
0011010011011010
0011010001011001
0010101110001100
0010001010110000
0001100101000111
0010011000000101
1111111011011110
0000110111010000
0000101010000111
1110010100001100
0001000000110011
1110110010101010
1111010010100110
1110000101101100
1111001000111110
1101000111011111
1111100010101010
0000010101101001
0001101010100110
1111000000010000
0001110110010010
1111100010100001
0000100101110100
1111101101001101
0000111111110011
1111101011111100
1111101011110101
1110001000000101
0000001110111010
1111010001001011
1110100010110001
1110010010001000
1101010001010000
1100001101000001
1101011010000100
1100011010011101
1100010011111101
1100001011011100
1011110011111000
1101111011010010
1011010001101101
1010100110001000
1100011110000100
1101100011100100
1101111111111000
1110011111100111
0000001011001101
0000001111010111
0001110111000001
0011101001101011
0100100110000010
0100001100100011
0100000100000000
0110011111010101
0011100100111111
0111110000110010
0101111101001000
0111111111011111
0110110101000010
0110001011011000
0101100011001101
0110000011111101
0011100101111100
0010100101101101
0001111101101001
0001001010001110
0001001100110000
1110110011001001
1110110001011110
1100101110010100
1100100000001010
1100001100010101
1010110101000100
1011110011011010
1001010011011010
1011010111110010
1010000101101101
1001111100111101
1010011110011011
1011001010110001
1101000100110111
1100011100100110
1011110001111000
1100011101111010
1110001101100110
1110000110101100
1111010111000111
0001000101111111
1111111001100111
0001011000011100
0001111100110011
0001101001100111
